m = 40
n = 20

AP:
smallest error
iter, error
2347 1.7988007964760642
2559 1.7988007964760642
2565 1.7988007964760635
3217 1.7988007964760633
5991 1.7988007964760633
10015 1.7988007964760633
14614 1.7988007964760633
14990 1.7988007964760633
25934 1.7988007964760633
31803 1.798800796476062


RRR:
818 0.36161370999413844
819 0.35912272050055316
820 0.3572085127955155
821 0.3557778657657203
822 0.3547663440468257
823 0.3541456610285619
824 0.35392986772483326




m = 60
n = 20

AP:
iter, error
943 7.898011306644704
961 7.898011306644704
1072 7.898011306644704
1885 7.898011306644704
2039 7.898011306644703
4468 7.898011306644703
9846 7.898011306644703
18942 7.898011306644703
22003 7.898011306644703
27069 7.898011306644703
77835 7.898011306644703
79048 7.898011306644703


RRR_algorithm Converged in 368 iterations.



